4435
7
514500
395750
 0 1 1 20 39 7 (D 0,1,1) (S 1,3,3) (S 2,4,4) (S 3,5,5) (S 5,7,7) (S 10,15,15) (D 0,1,1) 
 0 1 2 20 1045 6 (D 0,1,1) (S 4,6,6) (S 6,8,8) (S 7,9,9) (S 12,18,18) (D 0,1,1) 
 0 1 3 20 47 8 (D 0,1,1) (S 8,12,12) (S 9,13,13) (S 11,16,16) (S 13,19,19) (S 14,20,20) (S 17,1,3) (D 0,1,1) 
 0 1 4 20 90 8 (D 0,1,1) (S 15,21,21) (S 16,22,22) (S 18,11,15) (S 19,5,11) (S 21,21,24) (S 28,13,12) (D 0,1,1) 
 0 1 5 20 76 7 (D 0,1,1) (S 20,10,11) (S 22,10,20) (S 23,15,21) (S 24,14,18) (S 29,11,12) (D 0,1,1) 
 0 1 6 20 1078 9 (D 0,1,1) (S 25,1,2) (S 26,12,6) (S 27,16,15) (S 30,17,18) (S 31,23,24) (S 32,6,12) (S 33,5,6) (D 0,1,1) 
 0 1 7 17 2060 7 (D 0,1,1) (S 34,8,7) (S 35,22,19) (S 36,13,14) (S 37,2,4) (S 38,23,20) (D 0,1,1) 
