6045
8
299749
216000
 0 1 1 40 1065 8 (D 0,1,1) (S 1,2,2) (S 2,3,3) (S 3,4,4) (S 4,5,5) (S 6,7,7) (S 10,14,14) (D 0,1,1) 
 0 1 2 39 3028 6 (D 0,1,1) (S 5,6,6) (S 7,8,8) (S 8,9,9) (S 9,12,12) (D 0,1,1) 
 0 1 3 40 169 10 (D 0,1,1) (S 11,15,15) (S 12,16,16) (S 13,18,18) (S 14,20,20) (S 15,21,21) (S 16,22,22) (S 27,21,15) (S 41,15,21) (D 0,1,1) 
 0 1 4 40 128 6 (D 0,1,1) (S 17,23,23) (S 18,24,24) (S 19,1,2) (S 22,11,15) (D 0,1,1) 
 0 1 5 40 155 7 (D 0,1,1) (S 20,19,22) (S 21,9,10) (S 23,17,18) (S 24,3,4) (S 30,5,11) (D 0,1,1) 
 0 1 6 39 1122 7 (D 0,1,1) (S 25,20,21) (S 26,12,6) (S 28,9,3) (S 29,10,11) (S 31,1,3) (D 0,1,1) 
 0 1 7 39 218 9 (D 0,1,1) (S 32,16,15) (S 33,14,13) (S 34,10,20) (S 35,17,13) (S 36,16,12) (S 38,19,9) (S 39,11,5) (D 0,1,1) 
 0 1 8 33 160 7 (D 0,1,1) (S 37,19,20) (S 40,24,21) (S 42,13,17) (S 43,3,1) (S 44,11,10) (D 0,1,1) 
