7161
6
277499
187499
 0 1 1 5 2097 7 (D 0,1,1) (S 1,11,11) (S 2,3,3) (S 3,6,6) (S 4,2,2) (S 5,1,2) (D 0,1,1) 
 0 1 2 5 2217 7 (D 0,1,1) (S 6,1,4) (S 7,1,7) (S 8,10,1) (S 9,12,1) (S 10,2,3) (D 0,1,1) 
 0 1 3 5 2156 7 (D 0,1,1) (S 11,2,4) (S 12,9,2) (S 13,3,4) (S 14,3,5) (S 15,11,3) (D 0,1,1) 
 0 1 4 5 236 7 (D 0,1,1) (S 16,4,11) (S 17,5,6) (S 18,11,5) (S 19,5,12) (S 20,6,7) (D 0,1,1) 
 0 1 5 5 239 7 (D 0,1,1) (S 21,6,12) (S 22,8,7) (S 23,7,12) (S 24,8,10) (S 25,9,10) (D 0,1,1) 
 0 1 6 4 216 6 (D 0,1,1) (S 26,12,11) (S 27,10,8) (S 28,10,9) (S 29,1,10) (D 0,1,1) 
