631
7
109499
66749
 0 1 1 34 113 7 (D 0,1,1) (S 1,2,2) (S 2,3,3) (S 9,8,12) (S 13,8,9) (S 21,11,13) (D 0,1,1) 
 0 1 2 34 57 5 (D 0,1,1) (S 3,4,4) (S 4,5,5) (S 12,1,2) (D 0,1,1) 
 0 1 3 35 85 5 (D 0,1,1) (S 5,9,9) (S 6,12,12) (S 7,1,3) (D 0,1,1) 
 0 1 4 34 127 5 (D 0,1,1) (S 8,4,11) (S 10,11,12) (S 15,7,9) (D 0,1,1) 
 0 1 5 31 115 5 (D 0,1,1) (S 11,2,3) (S 14,10,11) (S 16,6,12) (D 0,1,1) 
 0 1 6 29 97 5 (D 0,1,1) (S 17,4,10) (S 18,6,10) (S 20,2,8) (D 0,1,1) 
 0 1 7 15 37 3 (D 0,1,1) (S 19,1,4) (D 0,1,1) 
