6396
9
530750
441250
 0 1 1 75 222 16 (D 0,1,1) (S 1,2,2) (S 2,3,3) (S 3,4,4) (S 4,5,5) (S 5,6,6) (S 6,7,7) (S 7,8,8) (S 8,9,9) (S 9,10,10) (S 10,12,12) (S 11,13,13) (S 14,17,17) (S 39,3,9) (S 46,39,40) (D 0,1,1) 
 0 1 2 75 184 13 (D 0,1,1) (S 12,14,14) (S 13,15,15) (S 15,18,18) (S 16,19,19) (S 17,21,21) (S 18,22,22) (S 19,23,23) (S 21,26,26) (S 22,27,27) (S 23,30,30) (S 48,19,16) (D 0,1,1) 
 0 1 3 75 214 13 (D 0,1,1) (S 20,24,24) (S 24,31,31) (S 25,33,33) (S 26,34,34) (S 27,35,35) (S 28,36,36) (S 29,39,39) (S 30,41,41) (S 32,24,25) (S 42,11,17) (S 67,16,19) (D 0,1,1) 
 0 1 4 75 317 12 (D 0,1,1) (S 31,16,17) (S 33,20,21) (S 34,36,40) (S 35,9,14) (S 36,27,32) (S 37,25,31) (S 38,17,18) (S 45,40,39) (S 51,1,2) (S 54,16,15) (D 0,1,1) 
 0 1 5 75 220 9 (D 0,1,1) (S 40,15,25) (S 41,30,31) (S 43,11,16) (S 44,14,13) (S 47,2,8) (S 49,28,22) (S 68,10,15) (D 0,1,1) 
 0 1 6 75 1395 14 (D 0,1,1) (S 50,26,32) (S 52,1,7) (S 53,23,13) (S 55,32,26) (S 56,34,35) (S 57,31,32) (S 58,13,7) (S 59,37,41) (S 60,14,24) (S 61,12,11) (S 62,36,35) (S 64,24,23) (D 0,1,1) 
 0 1 7 74 1302 14 (D 0,1,1) (S 63,27,26) (S 65,35,34) (S 66,28,27) (S 69,11,5) (S 70,3,4) (S 71,32,36) (S 72,7,8) (S 73,34,29) (S 74,39,36) (S 75,20,19) (S 76,20,27) (S 79,20,17) (D 0,1,1) 
 0 1 8 73 1324 15 (D 0,1,1) (S 77,37,33) (S 78,36,32) (S 80,35,39) (S 81,8,2) (S 82,8,7) (S 83,23,14) (S 84,26,25) (S 85,38,34) (S 86,39,38) (S 87,29,34) (S 88,40,41) (S 89,37,36) (S 90,11,12) (D 0,1,1) 
 0 1 9 30 1218 8 (D 0,1,1) (S 91,25,26) (S 92,29,23) (S 93,27,21) (S 94,38,39) (S 95,4,3) (S 96,29,30) (D 0,1,1) 
