717
10
198750
146249
 0 1 1 27 74 7 (D 0,1,1) (S 1,2,2) (S 2,3,3) (S 13,24,24) (S 14,25,25) (S 20,6,7) (D 0,1,1) 
 0 1 2 27 66 5 (D 0,1,1) (S 3,4,4) (S 11,22,22) (S 31,16,17) (D 0,1,1) 
 0 1 3 27 79 6 (D 0,1,1) (S 4,5,5) (S 5,6,6) (S 16,5,9) (S 27,21,22) (D 0,1,1) 
 0 1 4 26 63 6 (D 0,1,1) (S 6,7,7) (S 7,13,13) (S 10,18,18) (S 17,21,25) (D 0,1,1) 
 0 1 5 27 40 5 (D 0,1,1) (S 8,14,14) (S 12,23,23) (S 18,1,27) (D 0,1,1) 
 0 1 6 27 67 5 (D 0,1,1) (S 9,15,15) (S 15,26,26) (S 21,8,9) (D 0,1,1) 
 0 1 7 26 71 6 (D 0,1,1) (S 19,1,19) (S 22,24,27) (S 23,1,17) (S 28,23,26) (D 0,1,1) 
 0 1 8 27 83 6 (D 0,1,1) (S 24,3,8) (S 25,21,23) (S 26,20,21) (S 32,14,16) (S 36,2,1) 
 0 1 9 26 138 7 (D 0,1,1) (S 29,6,10) (S 30,22,23) (S 33,14,20) (S 34,10,11) (S 37,12,13) (D 0,1,1) 
 0 1 10 9 36 3 (D 0,1,1) (S 35,18,21) (D 0,1,1) 
