37576
6
204750
147499
 0 1 1 1959 4018 9 (D 0,1,1) (S 1,4,4) (S 2,5,5) (S 3,7,7) (S 4,10,10) (S 5,16,16) (S 6,18,18) (S 8,2,7) (D 0,1,1) 
 0 1 2 1956 6354 8 (D 0,1,1) (S 7,19,19) (S 9,3,9) (S 10,6,12) (S 11,9,15) (S 12,14,15) (S 26,10,16) (D 0,1,1) 
 0 1 3 1952 7781 9 (D 0,1,1) (S 13,16,21) (S 14,17,18) (S 15,20,21) (S 16,21,22) (S 18,2,6) (S 21,4,5) (S 31,14,18) (D 0,1,1) 
 0 1 4 1898 8122 10 (D 0,1,1) (S 17,22,23) (S 19,3,4) (S 20,4,3) (S 22,4,9) (S 23,7,6) (S 24,9,14) (S 25,10,1) (S 34,16,11) (D 0,1,1) 
 0 1 5 1893 6303 9 (D 0,1,1) (S 27,11,10) (S 28,11,16) (S 29,12,13) (S 30,12,22) (S 32,15,5) (S 33,16,10) (S 39,20,10) (D 0,1,1) 
 0 1 6 1658 4998 9 (D 0,1,1) (S 35,17,13) (S 36,18,14) (S 37,19,15) (S 38,19,18) (S 40,22,16) (S 41,23,17) (S 42,25,24) (D 0,1,1) 
