225
8
165500
117000
 0 1 1 27 21 7 (D 0,1,1) (S 1,2,2) (S 4,5,5) (S 5,6,6) (S 6,7,7) (S 25,3,4) (D 0,1,1) 
 0 1 2 27 12 5 (D 0,1,1) (S 2,3,3) (S 7,8,8) (S 8,9,9) (D 0,1,1) 
 0 1 3 27 17 6 (D 0,1,1) (S 3,4,4) (S 9,4,9) (S 13,5,8) (S 30,2,11) (D 0,1,1) 
 0 1 4 27 43 7 (D 0,1,1) (S 10,4,7) (S 11,6,8) (S 12,7,9) (S 14,5,7) (S 29,7,10) (D 0,1,1) 
 0 1 5 26 38 7 (D 0,1,1) (S 15,2,3) (S 16,1,10) (S 17,3,10) (S 18,1,3) (S 19,3,7) (D 0,1,1) 
 0 1 6 25 33 6 (D 0,1,1) (S 20,9,10) (S 21,4,5) (S 22,1,8) (S 24,2,9) (D 0,1,1) 
 0 1 7 25 32 6 (D 0,1,1) (S 23,5,11) (S 26,1,11) (S 27,2,5) (S 28,1,7) (D 0,1,1) 
 0 1 8 21 29 5 (D 0,1,1) (S 31,4,11) (S 32,1,6) (S 33,5,10) (D 0,1,1) 
